'Elapsed time','ABP'
seconds','mmhg'
0.000,122.015
0.020,111.847
0.040,102.426
0.060,92.805
0.080,86.097
0.100,82.588
0.120,80.845
0.140,81.306
0.160,82.289
0.180,83.061
0.200,83.795
0.220,83.310
0.240,81.393
0.260,78.543
0.280,75.519
0.300,72.507
0.320,70.217
0.340,68.263
0.360,66.010
0.380,64.791
0.400,71.325
0.420,100.870
0.440,125.064
0.460,139.376
0.480,144.653
0.500,140.310
0.520,133.664
0.540,125.711
0.560,115.618
0.580,105.276
0.600,96.016
0.620,88.176
0.640,82.824
0.660,80.933
0.680,80.920
0.700,81.679
0.720,83.110
0.740,83.820
0.760,83.795
0.780,82.463
0.800,79.800
0.820,76.452
0.840,73.689
0.860,70.839
0.880,68.823
0.900,66.533
0.920,65.264
0.940,70.976
0.960,100.210
0.980,123.322
1.000,137.845
1.020,142.848
1.040,138.530
1.060,132.469
1.080,124.541
1.100,114.149
1.120,103.944
1.140,94.398
1.160,86.197
1.180,81.542
1.200,80.012
1.220,80.061
1.240,81.393
1.260,82.750
1.280,83.272
1.300,83.272
1.320,81.878
1.340,78.667
1.360,75.481
1.380,72.519
1.400,70.117
1.420,67.491
1.440,65.202
1.460,64.231
1.480,74.424
1.500,104.940
1.520,125.114
1.540,137.945
1.560,141.007
1.580,135.767
1.600,127.951
1.620,118.966
1.640,108.599
1.660,98.132
1.680,89.022
1.700,82.799
1.720,79.837
1.740,78.904
1.760,80.248
1.780,82.077
1.800,83.235
1.820,83.310
1.840,82.799
1.860,80.708
1.880,78.543
1.900,74.984
1.920,72.146
1.940,69.856
1.960,67.952
1.980,66.359
2.000,66.508
2.020,81.107
2.040,112.706
2.060,130.577
2.080,141.380
2.100,142.102
2.120,136.451
2.140,128.026
2.160,118.032
2.180,107.678
2.200,97.460
2.220,89.146
2.240,82.924
2.260,80.435
2.280,80.746
2.300,81.206
2.320,82.613
2.340,83.671
2.360,83.832
2.380,83.235
2.400,81.119
2.420,77.958
2.440,74.623
2.460,71.661
2.480,69.744
2.500,67.641
2.520,65.774
2.540,68.437
2.560,92.445
2.580,120.708
2.600,135.531
2.620,144.317
2.640,142.201
2.660,135.755
2.680,127.391
2.700,117.970
2.720,108.400
2.740,97.647
2.760,89.171
2.780,83.695
2.800,81.517
2.820,81.269
2.840,81.928
2.860,82.949
2.880,83.932
2.900,83.944
2.920,82.750
2.940,80.621
2.960,77.224
2.980,73.938
3.000,71.661
3.020,69.744
3.040,67.541
3.060,66.458
3.080,73.590
3.100,102.836
3.120,125.923
3.140,138.443
3.160,144.342
3.180,140.621
3.200,133.228
3.220,124.379
3.240,114.535
3.260,103.197
3.280,93.652
3.300,86.583
3.320,82.414
3.340,80.858
3.360,81.381
3.380,83.061
3.400,84.430
3.420,85.251
3.440,85.251
3.460,83.048
3.480,79.850
3.500,76.514
3.520,73.241
3.540,70.789
3.560,68.537
3.580,67.056
3.600,67.740
3.620,84.479
3.640,115.307
3.660,131.287
3.680,141.679
3.700,141.479
3.720,135.493
3.740,128.014
3.760,119.015
3.780,109.109
3.800,98.953
3.820,89.682
3.840,84.591
3.860,81.256
3.880,80.746
3.900,81.368
3.920,82.227
3.940,83.571
3.960,83.944
3.980,82.849
4.000,80.310
4.020,78.356
4.040,74.523
4.060,71.686
4.080,69.458
4.100,67.516
4.120,66.670
4.140,74.473
4.160,104.728
4.180,126.259
4.200,138.853
4.220,142.662
4.240,137.845
4.260,130.117
4.280,120.957
4.300,110.851
4.320,100.634
4.340,91.300
4.360,84.392
4.380,80.758
4.400,79.974
4.420,80.385
4.440,82.140
4.460,83.671
4.480,84.280
4.500,84.019
4.520,82.588
4.540,79.626
4.560,76.527
4.580,73.839
4.600,71.175
4.620,68.761
4.640,67.230
4.660,69.284
4.680,91.822
4.700,120.397
4.720,135.916
4.740,145.226
4.760,142.811
4.780,136.103
4.800,127.727
4.820,118.530
4.840,109.134
4.860,98.207
4.880,89.931
4.900,85.226
4.920,82.302
4.940,81.878
4.960,83.123
4.980,83.994
5.000,85.251
5.020,85.674
5.040,84.479
5.060,82.127
5.080,78.730
5.100,75.083
5.120,71.748
5.140,69.284
5.160,67.255
5.180,65.550
5.200,70.740
5.220,99.464
5.240,123.409
5.260,138.020
5.280,143.844
5.300,139.277
5.320,133.029
5.340,124.603
5.360,113.477
5.380,103.334
5.400,94.038
5.420,86.645
5.440,82.040
5.460,79.850
5.480,80.186
5.500,81.356
5.520,82.302
5.540,83.334
5.560,83.621
5.580,81.480
5.600,78.667
5.620,75.544
5.640,72.308
5.660,69.856
5.680,67.491
5.700,65.662
5.720,66.720
5.740,87.168
5.760,116.738
5.780,132.046
5.800,141.268
5.820,139.812
5.840,133.328
5.860,124.852
5.880,115.269
5.900,105.077
5.920,94.946
5.940,86.508
5.960,80.758
5.980,78.356
6.000,77.995
6.020,78.929
6.040,80.796
6.060,82.028
6.080,82.202
6.100,81.082
6.120,78.680
6.140,75.581
6.160,71.847
6.180,68.972
6.200,66.508
6.220,64.729
6.240,64.119
6.260,75.556
6.280,106.869
6.300,125.910
6.320,138.293
6.340,141.069
6.360,135.630
6.380,127.541
6.400,118.144
6.420,108.823
6.440,98.107
6.460,88.437
6.480,82.538
6.500,79.476
6.520,78.543
6.540,79.414
6.560,80.870
6.580,82.289
6.600,82.899
6.620,82.389
6.640,80.012
6.660,77.286
6.680,73.963
6.700,71.138
6.720,68.836
6.740,67.006
6.760,65.587
6.780,70.279
6.800,96.875
6.820,122.550
6.840,137.323
6.860,144.242
6.880,139.862
6.900,132.730
6.920,122.948
6.940,112.668
6.960,101.965
6.980,91.511
7.000,84.853
7.020,81.157
7.040,78.854
7.060,78.779
7.080,80.397
7.100,81.841
7.120,82.824
7.140,82.824
7.160,81.393
7.180,78.667
7.200,75.905
7.220,72.582
7.240,70.254
7.260,67.915
7.280,66.322
7.300,67.081
7.320,86.359
7.340,116.203
7.360,132.531
7.380,142.649
7.400,140.857
7.420,134.473
7.440,126.483
7.460,116.601
7.480,106.222
7.500,96.103
7.520,87.305
7.540,82.090
7.560,79.389
7.580,78.767
7.600,79.427
7.620,81.281
7.640,82.239
7.660,82.700
7.680,81.517
7.700,79.215
7.720,76.104
7.740,73.527
7.760,70.329
7.780,68.002
7.800,66.073
7.820,66.309
7.840,79.277
7.860,109.905
7.880,127.416
7.900,138.567
7.920,139.911
7.940,133.850
7.960,125.039
7.980,115.257
8.000,104.778
8.020,94.162
8.040,85.488
8.060,79.588
8.080,76.427
8.100,76.502
8.120,77.137
8.140,78.045
8.160,79.389
8.180,80.659
8.200,80.348
8.220,79.066
8.240,76.726
8.260,73.042
8.280,69.943
8.300,67.404
8.320,65.388
8.340,63.559
8.360,62.538
8.380,67.454
8.400,94.436
8.420,117.796
8.440,131.511
8.460,137.895
8.480,132.631
8.500,124.989
8.520,115.469
8.540,104.330
8.560,93.664
8.580,85.102
8.600,78.717
8.620,75.494
8.640,75.071
8.660,76.452
8.680,78.456
8.700,80.012
8.720,80.845
8.740,80.012
8.760,78.555
8.780,76.776
8.800,74.959
8.820,73.067
8.840,70.777
8.860,68.251
8.880,66.110
8.900,63.310
8.920,61.505
8.940,60.124
8.960,59.265
8.980,60.597
9.000,77.722
9.020,108.935
9.040,125.624
9.060,138.007
9.080,139.501
9.100,133.017
9.120,126.221
9.140,114.958
9.160,104.479
9.180,94.137
9.200,85.326
9.220,79.837
9.240,76.477
9.260,76.340
9.280,77.311
9.300,78.643
9.320,79.688
9.340,80.659
9.360,79.128
9.380,77.423
9.400,75.183
9.420,73.067
9.440,71.698
9.460,69.284
9.480,67.081
9.500,64.928
9.520,62.800
9.540,60.908
9.560,60.136
9.580,59.203
9.600,61.729
9.620,84.094
9.640,113.179
9.660,128.524
9.680,139.774
9.700,139.077
9.720,133.962
9.740,126.645
9.760,116.974
9.780,107.640
9.800,97.485
9.820,89.072
9.840,83.023
9.860,79.003
9.880,77.946
9.900,78.443
9.920,79.215
9.940,79.800
9.960,80.435
9.980,79.277
10.000,77.796
10.020,76.477
10.040,74.312
10.060,71.922
10.080,69.856
10.100,67.292
10.120,64.529
10.140,62.737
10.160,61.107
10.180,59.775
10.200,61.207
10.220,79.887
10.240,109.246
10.260,125.524
10.280,137.186
10.300,137.136
10.320,132.145
10.340,124.939
10.360,116.091
10.380,106.856
10.400,96.688
10.420,87.255
10.440,81.020
10.460,76.913
10.480,75.419
10.500,76.166
10.520,77.373
10.540,78.555
10.560,78.605
10.580,77.622
10.600,76.041
10.620,74.635
10.640,73.216
10.660,71.300
10.680,69.184
10.700,66.695
10.720,64.330
10.740,62.501
10.760,61.393
10.780,60.422
10.800,63.621
10.820,87.354
10.840,114.087
10.860,128.984
10.880,138.393
10.900,136.626
10.920,130.664
10.940,123.720
10.960,111.411
10.980,101.741
11.000,91.660
11.020,83.870
11.040,79.588
11.060,77.037
11.080,77.261
11.100,78.269
11.120,79.414
11.140,79.949
11.160,79.476
11.180,78.506
11.200,76.751
11.220,75.096
11.240,73.117
11.260,70.814
11.280,68.176
11.300,65.824
11.320,63.795
11.340,62.028
11.360,60.933
11.380,60.696
11.400,68.176
11.420,101.069
11.440,121.878
11.460,135.767
11.480,141.056
11.500,137.236
11.520,131.685
11.540,123.633
11.560,114.535
11.580,104.093
11.600,94.473
11.620,86.794
11.640,81.468
11.660,78.493
11.680,77.995
11.700,78.443
11.720,79.464
11.740,80.260
11.760,80.310
11.780,79.339
11.800,77.809
11.820,75.942
11.840,73.627
11.860,71.225
11.880,69.035
11.900,66.521
11.920,64.231
11.940,62.389
11.960,60.783
11.980,62.277
12.000,81.256
12.020,111.013
12.040,126.956
12.060,138.853
12.080,139.787
12.100,134.709
12.120,127.802
12.140,118.219
12.160,108.698
12.180,98.543
12.200,89.831
12.220,83.882
12.240,79.489
12.260,77.958
12.280,78.132
12.300,79.066
12.320,80.086
12.340,79.987
12.360,79.140
12.380,77.896
12.400,76.216
12.420,74.660
12.440,72.345
12.460,69.458
12.480,66.483
12.500,63.770
12.520,62.364
12.540,60.796
12.560,60.248
12.580,69.333
12.600,98.829
12.620,119.675
12.640,132.830
12.660,139.127
12.680,134.896
12.700,128.287
12.720,119.588
12.740,109.681
12.760,99.563
12.780,89.943
12.800,82.650
12.820,78.543
12.840,77.037
12.860,77.323
12.880,78.767
12.900,80.086
12.920,80.410
12.940,80.385
12.960,79.066
12.980,78.008
13.000,76.303
13.020,74.088
13.040,71.835
13.060,69.346
13.080,67.093
13.100,64.853
13.120,63.384
13.140,62.376
13.160,65.127
13.180,89.819
13.200,116.912
13.220,131.448
13.240,140.621
13.260,138.517
13.280,132.120
13.300,123.396
13.320,113.714
13.340,104.056
13.360,94.013
13.380,85.736
13.400,80.758
13.420,78.867
13.440,77.883
13.460,78.829
13.480,79.974
13.500,80.285
13.520,80.236
13.540,78.954
13.560,77.373
13.580,75.830
13.600,73.888
13.620,71.598
13.640,68.898
13.660,66.334
13.680,64.592
13.700,62.787
13.720,61.418
13.740,60.746
13.760,68.263
13.780,98.381
13.800,121.343
13.820,135.730
13.840,142.600
13.860,139.750
13.880,134.124
13.900,126.483
13.920,117.460
13.940,108.051
13.960,97.236
13.980,89.010
14.000,82.998
14.020,79.800
14.040,79.265
14.060,79.788
14.080,80.696
14.100,81.269
14.120,81.007
14.140,79.937
14.160,78.518
14.180,76.701
14.200,74.548
14.220,71.499
14.240,69.196
14.260,66.745
14.280,64.729
14.300,63.136
14.320,61.928
14.340,61.294
14.360,76.303
14.380,107.703
14.400,125.363
14.420,138.654
14.440,142.288
14.460,137.808
14.480,131.511
14.500,123.371
14.520,114.187
14.540,104.405
14.560,94.398
14.580,86.458
14.600,81.717
14.620,79.078
14.640,79.115
14.660,79.564
14.680,80.509
14.700,80.509
14.720,80.061
14.740,79.103
14.760,77.672
14.780,75.929
14.800,73.639
14.820,71.138
14.840,68.276
14.860,66.073
14.880,64.057
14.900,62.414
14.920,61.356
14.940,63.957
14.960,88.599
14.980,116.228
15.000,130.590
15.020,139.675
15.040,138.157
15.060,132.021
15.080,124.429
15.100,115.456
15.120,105.749
15.140,96.054
15.160,87.740
15.180,81.356
15.200,78.319
15.220,77.933
15.240,78.829
15.260,80.161
15.280,80.771
15.300,80.796
15.320,79.875
15.340,79.078
15.360,76.987
15.380,75.656
15.400,73.503
15.420,70.590
15.440,68.213
15.460,66.172
15.480,64.716
15.500,63.808
15.520,64.977
15.540,83.384
15.560,113.527
15.580,129.980
15.600,140.422
15.620,140.235
15.640,133.427
15.660,125.164
15.680,116.377
15.700,105.898
15.720,96.004
15.740,87.715
15.760,82.077
15.780,79.588
15.800,78.804
15.820,78.916
15.840,80.198
15.860,80.821
15.880,81.007
15.900,80.049
15.920,78.979
15.940,77.522
15.960,75.033
15.980,72.096
16.000,69.346
16.020,66.770
16.040,64.890
16.060,63.310
16.080,62.127
16.100,64.231
16.120,86.408
16.140,115.730
16.160,131.088
16.180,142.139
16.200,141.479
16.220,136.862
16.240,129.719
16.260,120.832
16.280,110.963
16.300,100.895
16.320,91.760
16.340,85.176
16.360,81.007
16.380,79.887
16.400,80.049
16.420,80.895
16.440,81.903
16.460,82.177
16.480,81.430
16.500,80.285
16.520,78.443
16.540,75.643
16.560,72.358
16.580,69.433
16.600,67.155
16.620,65.239
16.640,63.472
16.660,62.700
16.680,72.967
16.700,103.533
16.720,123.272
16.740,136.937
16.760,141.479
16.780,137.285
16.800,130.739
16.820,122.438
16.840,113.017
16.860,102.687
16.880,93.104
16.900,85.488
16.920,81.306
16.940,78.954
16.960,78.779
16.980,79.414
17.000,80.086
17.020,80.758
17.040,80.908
17.060,80.397
17.080,78.568
17.100,76.004
17.120,72.930
17.140,69.719
17.160,67.193
17.180,65.251
17.200,63.559
17.220,62.389
17.240,69.022
17.260,98.667
17.280,120.969
17.300,134.062
17.320,139.849
17.340,136.215
17.360,129.719
17.380,120.534
17.400,111.026
17.420,101.243
17.440,91.835
17.460,84.193
17.480,80.061
17.500,78.804
17.520,79.240
17.540,80.397
17.560,81.331
17.580,81.816
17.600,81.990
17.620,81.443
17.640,79.265
17.660,76.104
17.680,73.030
17.700,69.968
17.720,67.915
17.740,66.010
17.760,64.106
17.780,64.417
17.800,77.634
17.820,108.138
17.840,127.130
17.860,139.687
17.880,141.442
17.900,136.327
17.920,129.980
17.940,120.235
17.960,110.515
17.980,99.999
18.000,91.200
18.020,84.517
18.040,80.659
18.060,79.128
18.080,79.489
18.100,80.348
18.120,81.231
18.140,81.891
18.160,81.580
18.180,80.708
18.200,78.319
18.220,75.494
18.240,71.835
18.260,69.396
18.280,66.981
18.300,65.127
18.320,63.397
18.340,66.048
18.360,88.898
18.380,117.833
18.400,132.481
18.420,141.878
18.440,141.181
18.460,135.655
18.480,127.951
18.500,118.406
18.520,108.574
18.540,97.510
18.560,88.835
18.580,82.339
18.600,79.800
18.620,79.028
18.640,79.875
18.660,80.858
18.680,82.177
18.700,82.302
18.720,81.468
18.740,79.900
18.760,76.664
18.780,73.353
18.800,70.615
18.820,67.815
18.840,65.923
18.860,64.081
18.880,65.139
18.900,83.260
18.920,112.855
18.940,128.997
18.960,139.538
18.980,139.177
19.000,133.203
19.020,126.221
19.040,116.875
19.060,107.416
19.080,95.929
19.100,87.193
19.120,81.468
19.140,78.904
19.160,78.294
19.180,79.066
19.200,80.236
19.220,81.169
19.240,81.256
19.260,80.908
19.280,79.128
19.300,76.303
19.320,73.017
19.340,70.155
19.360,67.305
19.380,65.413
19.400,63.882
19.420,65.351
19.440,86.446
19.460,115.979
19.480,130.527
19.500,139.040
19.520,136.763
19.540,129.905
19.560,121.517
19.580,111.573
19.600,101.853
19.620,92.084
19.640,84.591
19.660,79.887
19.680,78.394
19.700,79.128
19.720,80.310
19.740,81.941
19.760,82.911
19.780,82.700
19.800,81.269
19.820,79.140
19.840,75.606
19.860,72.532
19.880,69.844
19.900,67.902
19.920,66.371
19.940,65.027
19.960,69.682
19.980,96.514
20.000,121.965
20.020,135.481
20.040,142.164
20.060,138.468
20.080,131.249
20.100,122.898
20.120,113.291
20.140,102.575
20.160,92.420
20.180,85.363
20.200,80.771
20.220,78.904
20.240,78.904
20.260,80.186
20.280,81.082
20.300,81.891
20.320,81.878
20.340,81.368
20.360,78.618
20.380,75.805
20.400,72.482
20.420,69.682
20.440,67.379
20.460,65.463
20.480,63.857
20.500,66.994
20.520,90.590
20.540,118.991
20.560,133.900
20.580,142.064
20.600,140.098
20.620,133.552
20.640,125.711
20.660,115.680
20.680,105.301
20.700,95.008
20.720,86.794
20.740,81.530
20.760,79.028
20.780,79.078
20.800,79.974
20.820,80.845
20.840,81.928
20.860,82.227
20.880,81.057
20.900,79.190
20.920,75.929
20.940,72.719
20.960,69.719
20.980,67.043
21.000,65.102
21.020,63.745
21.040,66.371
21.060,91.561
21.080,118.393
21.100,130.254
21.120,140.720
21.140,138.256
21.160,132.979
21.180,124.516
21.200,113.851
21.220,103.845
21.240,93.502
21.260,85.512
21.280,80.260
21.300,78.269
21.320,77.896
21.340,79.339
21.360,80.746
21.380,81.629
21.400,81.891
21.420,80.435
21.440,78.406
21.460,75.083
21.480,72.146
21.500,69.595
21.520,66.770
21.540,65.251
21.560,63.758
21.580,69.645
21.600,98.306
21.620,121.729
21.640,134.834
21.660,140.832
21.680,135.655
21.700,128.014
21.720,119.376
21.740,109.009
21.760,98.692
21.780,89.059
21.800,82.638
21.820,79.476
21.840,78.506
21.860,79.700
21.880,81.157
21.900,82.053
21.920,82.389
21.940,81.878
21.960,80.509
21.980,77.722
22.000,74.760
22.020,71.598
22.040,69.221
22.060,66.931
22.080,65.450
22.100,64.716
22.120,73.839
22.140,104.467
22.160,125.562
22.180,138.368
22.200,141.654
22.220,136.053
22.240,128.536
22.260,119.090
22.280,108.972
22.300,99.090
22.320,90.528
22.340,84.567
22.360,80.547
22.380,79.676
22.400,80.061
22.420,81.281
22.440,81.816
22.460,82.264
22.480,82.040
22.500,80.509
22.520,77.796
22.540,74.672
22.560,71.337
22.580,68.512
22.600,66.720
22.620,64.803
22.640,64.281
22.660,74.934
22.680,106.520
22.700,126.570
22.720,138.903
22.740,142.413
22.760,137.074
22.780,129.967
22.800,120.708
22.820,111.374
22.840,100.845
22.860,90.640
22.880,83.820
22.900,80.260
22.920,78.804
22.940,79.265
22.960,80.621
22.980,81.729
23.000,82.239
23.020,82.152
23.040,80.472
23.060,77.697
23.080,74.660
23.100,71.474
23.120,69.022
23.140,66.483
23.160,64.368
23.180,63.447
23.200,69.968
23.220,99.289
23.240,122.040
23.260,135.555
23.280,141.131
23.300,136.053
23.320,128.623
23.340,119.887
23.360,109.706
23.380,98.879
23.400,89.906
23.420,83.422
23.440,79.165
23.460,78.083
23.480,78.867
23.500,79.638
23.520,80.758
23.540,81.468
23.560,81.082
23.580,79.800
23.600,77.585
23.620,74.361
23.640,71.437
23.660,68.636
23.680,66.571
23.700,64.803
23.720,63.509
23.740,67.753
23.760,95.394
23.780,120.509
23.800,133.689
23.820,140.446
23.840,136.451
23.860,128.872
23.880,119.451
23.900,109.420
23.920,99.327
23.940,90.092
23.960,83.409
23.980,80.161
24.000,79.439
24.020,79.526
24.040,80.870
24.060,82.003
24.080,82.314
24.100,82.351
24.120,80.858
24.140,79.028
24.160,75.743
24.180,72.370
24.200,69.545
24.220,67.255
24.240,65.401
24.260,63.870
24.280,68.375
24.300,94.896
24.320,120.808
24.340,134.995
24.360,142.351
24.380,138.717
24.400,131.685
24.420,123.359
24.440,113.925
24.460,102.575
24.480,92.743
24.500,85.824
24.520,80.746
24.540,78.854
24.560,78.804
24.580,80.086
24.600,81.119
24.620,81.853
24.640,81.903
24.660,80.933
24.680,78.804
24.700,75.793
24.720,72.507
24.740,69.694
24.760,67.429
24.780,65.002
24.800,63.559
24.820,64.393
24.840,82.949
24.860,114.261
24.880,130.266
24.900,140.496
24.920,140.658
24.940,135.232
24.960,126.744
24.980,117.796
25.000,108.051
25.020,98.406
25.040,89.458
25.060,82.862
25.080,79.900
25.100,79.028
25.120,79.364
25.140,80.509
25.160,81.468
25.180,81.978
25.200,81.219
25.220,79.439
25.240,76.651
25.260,73.739
25.280,70.329
25.300,68.101
25.320,65.587
25.340,64.169
25.360,62.874
25.380,70.889
25.400,101.443
25.420,122.289
25.440,136.377
25.460,139.575
25.480,134.834
25.500,127.951
25.520,118.966
25.540,109.184
25.560,98.617
25.580,89.395
25.600,82.613
25.620,79.265
25.640,77.572
25.660,77.958
25.680,79.178
25.700,80.410
25.720,80.895
25.740,80.908
25.760,79.489
25.780,77.585
25.800,74.859
25.820,71.424
25.840,68.836
25.860,66.546
25.880,64.729
25.900,63.210
25.920,65.040
25.940,86.769
25.960,115.730
25.980,131.150
26.000,139.936
26.020,137.858
26.040,131.448
26.060,122.799
26.080,112.755
26.100,102.861
26.120,92.532
26.140,85.027
26.160,80.559
26.180,78.854
26.200,79.265
26.220,80.385
26.240,81.281
26.260,82.090
26.280,81.829
26.300,80.933
26.320,79.003
26.340,76.614
26.360,73.752
26.380,70.926
26.400,68.574
26.420,66.844
26.440,65.351
26.460,65.177
26.480,79.389
26.500,109.681
26.520,126.221
26.540,138.057
26.560,140.036
26.580,135.867
26.600,129.308
26.620,120.285
26.640,110.914
26.660,100.770
26.680,91.524
26.700,85.064
26.720,81.903
26.740,80.708
26.760,81.381
26.780,82.351
26.800,83.646
26.820,84.330
26.840,84.330
26.860,83.484
26.880,81.592
26.900,79.327
26.920,78.419
26.940,78.319
26.960,77.995
26.980,77.622
27.000,74.859
27.020,71.910
27.040,68.213
27.060,66.172
27.080,64.231
27.100,63.086
27.120,62.488
27.140,61.966
27.160,61.294
27.180,61.269
27.200,61.767
27.220,60.895
27.240,60.547
27.260,59.987
27.280,59.041
27.300,58.556
27.320,58.083
27.340,57.448
27.360,56.340
27.380,55.843
27.400,54.946
27.420,54.648
27.440,54.125
27.460,53.154
27.480,52.072
27.500,51.661
27.520,50.864
27.540,50.815
27.560,59.302
27.580,89.296
27.600,105.935
27.620,117.485
27.640,125.251
27.660,124.491
27.680,119.576
27.700,111.523
27.720,101.803
27.740,91.548
27.760,82.451
27.780,76.502
27.800,73.478
27.820,72.582
27.840,72.980
27.860,74.872
27.880,76.303
27.900,77.634
27.920,78.867
27.940,78.506
27.960,76.726
27.980,74.063
28.000,71.325
28.020,68.636
28.040,66.359
28.060,64.517
28.080,63.360
28.100,67.753
28.120,91.772
28.140,114.796
28.160,127.453
28.180,134.261
28.200,132.718
28.220,128.126
28.240,121.915
28.260,114.149
28.280,105.375
28.300,96.116
28.320,88.026
28.340,82.438
28.360,78.730
28.380,78.045
28.400,77.846
28.420,78.767
28.440,79.277
28.460,79.875
28.480,79.364
28.500,77.809
28.520,75.469
28.540,72.669
28.560,70.304
28.580,67.765
28.600,65.600
28.620,64.156
28.640,66.384
28.660,90.553
28.680,116.427
28.700,129.918
28.720,138.343
28.740,137.547
28.760,133.203
28.780,127.005
28.800,118.903
28.820,109.532
28.840,100.198
28.860,91.100
28.880,85.313
28.900,81.729
28.920,79.999
28.940,79.900
28.960,80.348
28.980,81.729
29.000,81.829
29.020,81.269
29.040,78.904
29.060,76.987
29.080,74.374
29.100,70.926
29.120,68.686
29.140,66.284
29.160,64.330
29.180,68.251
29.200,91.922
29.220,115.220
29.240,127.802
29.260,135.941
29.280,134.162
29.300,129.333
29.320,123.210
29.340,115.058
29.360,105.910
29.380,96.688
29.400,88.860
29.420,83.048
29.440,80.086
29.460,79.489
29.480,79.837
29.500,80.509
29.520,80.970
29.540,81.119
29.560,80.136
29.580,78.257
29.600,75.519
29.620,72.569
29.640,70.354
29.660,68.002
29.680,66.371
29.700,65.463
29.720,72.868
29.740,101.019
29.760,121.990
29.780,133.539
29.800,138.418
29.820,134.224
29.840,128.014
29.860,119.551
29.880,110.129
29.900,100.746
29.920,91.972
29.940,85.948
29.960,82.003
29.980,80.410
30.000,80.435
30.020,81.269
30.040,82.289
30.060,82.924
30.080,82.563
30.100,80.758
30.120,78.443
30.140,75.705
30.160,72.669
30.180,70.404
30.200,68.562
30.220,66.683
30.240,66.222
30.260,78.443
30.280,108.960
30.300,125.848
30.320,137.372
30.340,139.451
30.360,135.692
30.380,129.382
30.400,120.658
30.420,111.785
30.440,102.251
30.460,92.756
30.480,86.035
30.500,82.090
30.520,80.746
30.540,80.298
30.560,81.181
30.580,82.700
30.600,83.359
30.620,83.260
30.640,81.430
30.660,78.829
30.680,75.755
30.700,72.246
30.720,70.068
30.740,67.603
30.760,65.849
30.780,66.010
30.800,82.077
30.820,112.046
30.840,128.374
30.860,140.247
30.880,141.778
30.900,137.198
30.920,131.249
30.940,122.276
30.960,112.805
30.980,102.127
31.000,93.042
31.020,86.545
31.040,81.941
31.060,80.360
31.080,80.310
31.100,81.032
31.120,81.953
31.140,82.700
31.160,82.401
31.180,80.808
31.200,78.008
31.220,75.282
31.240,72.096
31.260,69.545
31.280,67.616
31.300,65.762
31.320,66.272
31.340,80.472
31.360,110.092
31.380,126.520
31.400,137.186
31.420,137.932
31.440,133.041
31.460,125.773
31.480,115.618
31.500,105.948
31.520,96.278
31.540,87.553
31.560,81.729
31.580,79.290
31.600,78.593
31.620,79.103
31.640,80.497
31.660,81.953
31.680,82.463
31.700,82.053
31.720,80.982
31.740,78.904
31.760,77.535
31.780,78.543
31.800,81.443
31.820,83.608
31.840,82.613
31.860,78.829
31.880,73.602
31.900,68.873
31.920,65.351
31.940,63.384
31.960,61.916
31.980,61.418
32.000,61.406
32.020,61.928
32.040,62.314
32.060,62.364
32.080,62.115
32.100,61.903
32.120,61.368
32.140,60.833
32.160,60.012
32.180,59.937
32.200,58.941
32.220,58.381
32.240,57.460
32.260,56.627
32.280,55.469
32.300,54.374
32.320,53.403
32.340,52.607
32.360,51.673
32.380,52.644
32.400,70.068
32.420,100.559
32.440,116.862
32.460,131.946
32.480,135.593
32.500,131.598
32.520,124.740
32.540,114.672
32.560,103.484
32.580,92.469
32.600,84.243
32.620,79.128
32.640,76.004
32.660,75.021
32.680,75.880
32.700,77.112
32.720,78.518
32.740,79.651
32.760,79.788
32.780,78.219
32.800,75.905
32.820,72.719
32.840,69.856
32.860,67.703
32.880,65.824
32.900,63.571
32.920,63.472
32.940,78.344
32.960,107.093
32.980,123.085
33.000,134.361
33.020,135.431
33.040,130.851
33.060,125.139
33.080,116.514
33.100,108.499
33.120,97.796
33.140,89.059
33.160,82.227
33.180,77.946
33.200,76.353
33.220,76.017
33.240,76.888
33.260,78.195
33.280,78.829
33.300,78.804
33.320,77.858
33.340,75.282
33.360,72.656
33.380,69.819
33.400,67.467
33.420,65.139
33.440,63.335
33.460,66.010
33.480,89.408
33.500,115.269
33.520,128.101
33.540,137.422
33.560,135.804
33.580,130.316
33.600,123.048
33.620,113.179
33.640,103.869
33.660,93.166
33.680,85.624
33.700,80.211
33.720,77.597
33.740,77.037
33.760,77.647
33.780,78.244
33.800,79.165
33.820,79.700
33.840,78.817
33.860,77.348
33.880,75.021
33.900,72.059
33.920,69.545
33.940,67.815
33.960,65.363
33.980,64.181
34.000,67.616
34.020,89.507
34.040,115.257
34.060,128.536
34.080,136.788
34.100,134.311
34.120,128.188
34.140,120.285
34.160,110.876
34.180,100.845
34.200,91.212
34.220,84.542
34.240,79.626
34.260,77.597
34.280,77.186
34.300,78.307
34.320,79.190
34.340,80.061
34.360,80.522
34.380,79.788
34.400,77.933
34.420,75.195
34.440,72.432
34.460,69.533
34.480,67.641
34.500,65.301
34.520,63.521
34.540,66.969
34.560,92.594
34.580,117.734
34.600,131.287
34.620,139.277
34.640,137.136
34.660,131.100
34.680,123.732
34.700,114.697
34.720,104.728
34.740,94.958
34.760,86.682
34.780,81.692
34.800,79.066
34.820,78.419
34.840,78.954
34.860,80.285
34.880,81.231
34.900,81.629
34.920,80.821
34.940,78.543
34.960,75.880
34.980,72.370
35.000,70.005
35.020,67.765
35.040,65.861
35.060,64.293
35.080,68.574
35.100,94.137
35.120,117.385
35.140,130.478
35.160,138.107
35.180,135.331
35.200,129.295
35.220,122.077
35.240,111.946
35.260,101.530
35.280,91.934
35.300,84.716
35.320,79.987
35.340,77.634
35.360,77.261
35.380,78.145
35.400,79.290
35.420,80.397
35.440,80.310
35.460,79.427
35.480,77.162
35.500,74.274
35.520,71.225
35.540,68.313
35.560,66.210
35.580,64.231
35.600,62.800
35.620,68.512
35.640,98.929
35.660,119.513
35.680,131.971
35.700,137.173
35.720,132.867
35.740,125.649
35.760,117.124
35.780,106.769
35.800,96.327
35.820,88.026
35.840,81.007
35.860,77.162
35.880,75.954
35.900,76.763
35.920,78.045
35.940,78.817
35.960,79.937
35.980,79.875
36.000,78.767
36.020,76.427
36.040,74.063
36.060,70.976
36.080,68.363
36.100,66.210
36.120,64.393
36.140,63.260
36.160,69.383
36.180,96.875
36.200,118.903
36.220,130.988
36.240,136.974
36.260,133.153
36.280,126.259
36.300,116.838
36.320,106.632
36.340,96.564
36.360,87.728
36.380,81.306
36.400,77.858
36.420,76.602
36.440,77.124
36.460,78.543
36.480,79.738
36.500,80.012
36.520,80.186
36.540,79.115
36.560,77.062
36.580,74.424
36.600,71.225
36.620,68.798
36.640,66.458
36.660,64.318
36.680,62.576
36.700,64.517
36.720,84.641
36.740,113.627
36.760,128.648
36.780,139.326
36.800,138.020
36.820,132.183
36.840,124.603
36.860,115.020
36.880,104.828
36.900,95.543
36.920,86.608
36.940,81.517
36.960,78.468
36.980,77.958
37.000,78.244
37.020,79.539
37.040,80.385
37.060,80.933
37.080,80.435
37.100,78.867
37.120,76.004
37.140,72.781
37.160,70.155
37.180,67.305
37.200,65.052
37.220,63.658
37.240,64.492
37.260,82.414
37.280,111.436
37.300,126.321
37.320,136.862
37.340,136.924
37.360,130.938
37.380,123.570
37.400,114.485
37.420,105.027
37.440,95.357
37.460,86.745
37.480,81.069
37.500,78.033
37.520,77.386
37.540,77.386
37.560,78.680
37.580,79.775
37.600,80.298
37.620,79.539
37.640,77.958
37.660,75.008
37.680,72.246
37.700,69.582
37.720,67.143
37.740,64.778
37.760,63.285
37.780,64.417
37.800,81.443
37.820,110.241
37.840,124.902
37.860,135.195
37.880,135.082
37.900,130.465
37.920,122.127
37.940,111.598
37.960,103.396
37.980,91.362
38.000,83.509
38.020,78.468
38.040,75.967
38.060,76.303
38.080,77.423
38.100,78.717
38.120,79.887
38.140,80.335
38.160,79.489
38.180,77.883
38.200,75.693
38.220,72.831
38.240,69.943
38.260,67.379
38.280,65.650
38.300,64.268
38.320,66.010
38.340,82.824
38.360,112.245
38.380,126.993
38.400,136.451
38.420,136.327
38.440,129.955
38.460,121.865
38.480,112.183
38.500,102.202
38.520,91.511
38.540,84.131
38.560,79.564
38.580,78.083
38.600,78.058
38.620,78.954
38.640,79.875
38.660,80.982
38.680,80.970
38.700,80.111
38.720,77.896
38.740,75.332
38.760,72.532
38.780,69.632
38.800,67.193
38.820,65.264
38.840,63.397
38.860,64.106
38.880,81.580
38.900,111.212
38.920,126.781
38.940,138.144
38.960,139.065
38.980,133.813
39.000,127.242
39.020,119.812
39.040,109.296
39.060,98.530
39.080,89.532
39.100,83.471
39.120,79.850
39.140,78.506
39.160,78.929
39.180,79.875
39.200,81.107
39.220,81.816
39.240,81.480
39.260,79.875
39.280,76.714
39.300,73.938
39.320,70.628
39.340,68.338
39.360,65.961
39.380,64.567
39.400,64.903
39.420,81.231
39.440,111.001
39.460,126.844
39.480,137.808
39.500,138.169
39.520,132.967
39.540,125.960
39.560,117.049
39.580,106.719
39.600,97.099
39.620,88.636
39.640,82.451
39.660,79.016
39.680,78.045
39.700,78.394
39.720,79.464
39.740,80.721
39.760,80.870
39.780,80.435
39.800,78.717
39.820,75.942
39.840,73.079
39.860,69.508
39.880,67.566
39.900,65.289
39.920,63.795
39.940,64.953
39.960,84.280
39.980,112.880
40.000,125.860
40.020,136.924
40.040,136.053
40.060,130.316
40.080,122.587
40.100,112.967
40.120,103.098
40.140,93.341
40.160,85.587
40.180,79.651
40.200,77.398
40.220,76.975
40.240,78.195
40.260,79.290
40.280,80.111
40.300,80.397
40.320,79.725
40.340,77.933
40.360,75.531
40.380,72.681
40.400,70.093
40.420,67.691
40.440,65.923
40.460,64.393
40.480,66.894
40.500,88.151
40.520,114.585
40.540,128.698
40.560,137.895
40.580,136.190
40.600,129.843
40.620,121.679
40.640,110.627
40.660,100.148
40.680,90.640
40.700,84.380
40.720,79.924
40.740,78.045
40.760,77.834
40.780,79.315
40.800,80.348
40.820,80.957
40.840,81.331
40.860,80.621
40.880,78.705
40.900,75.942
40.920,72.681
40.940,69.893
40.960,67.467
40.980,65.139
41.000,63.347
41.020,64.542
41.040,83.173
41.060,114.124
41.080,128.076
41.100,140.347
41.120,139.998
41.140,134.933
41.160,127.192
41.180,117.833
41.200,107.877
41.220,97.510
41.240,88.611
41.260,82.638
41.280,79.676
41.300,78.966
41.320,79.489
41.340,80.335
41.360,81.306
41.380,81.853
41.400,81.381
41.420,79.688
41.440,76.676
41.460,73.353
41.480,70.466
41.500,68.052
41.520,65.948
41.540,64.281
41.560,64.007
41.580,77.946
41.600,108.113
41.620,125.300
41.640,137.074
41.660,139.065
41.680,133.639
41.700,127.105
41.720,118.244
41.740,108.462
41.760,98.132
41.780,89.370
41.800,83.023
41.820,79.128
41.840,78.008
41.860,78.443
41.880,79.414
41.900,80.559
41.920,81.393
41.940,81.356
41.960,79.476
41.980,77.386
42.000,73.839
42.020,71.026
42.040,67.815
42.060,65.811
42.080,64.069
42.100,62.737
42.120,70.005
42.140,98.132
42.160,120.098
42.180,132.581
42.200,138.443
42.220,134.274
42.240,127.491
42.260,118.144
42.280,108.051
42.300,97.958
42.320,89.059
42.340,82.127
42.360,78.045
42.380,77.062
42.400,77.572
42.420,78.730
42.440,79.837
42.460,80.746
42.480,80.920
42.500,79.700
42.520,77.311
42.540,74.984
42.560,71.710
42.580,68.836
42.600,66.969
42.620,65.090
42.640,64.181
42.660,68.052
42.680,93.527
42.700,118.095
42.720,131.150
42.740,138.343
42.760,135.095
42.780,128.374
42.800,119.675
42.820,109.955
42.840,100.372
42.860,90.553
42.880,83.409
42.900,79.364
42.920,77.896
42.940,78.543
42.960,79.427
42.980,80.260
43.000,80.808
43.020,80.796
43.040,79.850
43.060,78.033
43.080,74.710
43.100,71.549
43.120,68.711
43.140,66.832
43.160,65.002
43.180,63.297
43.200,64.442
43.220,83.061
43.240,112.382
43.260,128.424
43.280,139.787
43.300,139.451
43.320,134.572
43.340,127.205
43.360,118.406
43.380,108.350
43.400,98.331
43.420,89.669
43.440,83.384
43.460,80.335
43.480,79.290
43.500,79.464
43.520,80.522
43.540,81.306
43.560,81.592
43.580,81.269
43.600,79.875
43.620,77.137
43.640,74.262
43.660,70.839
43.680,68.101
43.700,66.073
43.720,64.318
43.740,63.808
43.760,73.167
43.780,103.683
43.800,123.085
43.820,135.630
43.840,139.886
43.860,135.344
43.880,128.847
43.900,120.235
43.920,110.914
43.940,100.845
43.960,91.212
43.980,84.280
44.000,80.036
44.020,78.543
44.040,78.468
44.060,78.916
44.080,79.900
44.100,80.410
44.120,80.447
44.140,79.476
44.160,77.087
44.180,73.851
44.200,70.976
44.220,68.425
44.240,66.272
44.260,64.417
44.280,63.335
44.300,68.313
44.320,93.901
44.340,117.796
44.360,131.125
44.380,138.667
44.400,135.580
44.420,129.495
44.440,121.305
44.460,111.225
44.480,100.484
44.500,91.138
44.520,84.231
44.540,79.949
44.560,77.933
44.580,77.809
44.600,79.140
44.620,79.775
44.640,80.821
44.660,80.746
44.680,79.539
44.700,77.883
44.720,75.880
44.740,72.980
44.760,69.707
44.780,67.641
44.800,65.923
44.820,64.567
44.840,64.753
44.860,83.173
44.880,112.208
44.900,127.590
44.920,137.808
44.940,137.198
44.960,131.050
44.980,123.085
45.000,113.490
45.020,104.728
45.040,94.473
45.060,86.695
45.080,80.920
45.100,79.053
45.120,78.456
45.140,79.364
45.160,80.447
45.180,80.771
45.200,80.808
45.220,80.335
45.240,78.443
45.260,76.017
45.280,72.893
45.300,69.993
45.320,67.205
45.340,65.251
45.360,63.920
45.380,63.210
45.400,71.561
45.420,101.256
45.440,122.650
45.460,135.767
45.480,140.870
45.500,136.738
45.520,130.888
45.540,122.538
45.560,112.606
45.580,102.314
45.600,92.793
45.620,85.525
45.640,80.933
45.660,78.929
45.680,79.265
45.700,79.788
45.720,80.696
45.740,81.318
45.760,81.468
45.780,80.895
45.800,78.929
45.820,75.967
45.840,72.756
45.860,70.329
45.880,67.902
45.900,65.500
45.920,63.920
45.940,64.841
45.960,83.434
45.980,112.930
46.000,127.665
46.020,137.808
46.040,138.107
46.060,132.369
46.080,125.425
46.100,116.788
46.120,107.068
46.140,96.950
46.160,88.151
46.180,82.364
46.200,78.954
46.220,78.518
46.240,78.854
46.260,79.974
46.280,80.771
46.300,81.069
46.320,80.447
46.340,79.165
46.360,76.701
46.380,73.328
46.400,70.528
46.420,67.703
46.440,65.401
46.460,63.658
46.480,62.887
46.500,69.819
46.520,98.369
46.540,119.824
46.560,132.793
46.580,138.343
46.600,133.614
46.620,126.794
46.640,118.070
46.660,108.039
46.680,97.696
46.700,88.835
46.720,82.339
46.740,78.680
46.760,77.883
46.780,78.207
46.800,79.564
46.820,80.796
46.840,81.381
46.860,81.007
46.880,80.111
46.900,77.846
46.920,75.519
46.940,72.221
46.960,69.844
46.980,68.300
47.000,66.471
47.020,65.388
47.040,67.927
47.060,90.590
47.080,117.659
47.100,131.249
47.120,139.314
47.140,137.708
47.160,131.772
47.180,123.956
47.200,113.440
47.220,103.782
47.240,94.336
47.260,87.043
47.280,82.264
47.300,79.937
47.320,79.788
47.340,80.198
47.360,81.157
47.380,81.692
47.400,81.057
47.420,80.460
47.440,78.854
47.460,76.166
47.480,73.403
47.500,70.379
47.520,67.641
47.540,65.774
47.560,64.343
47.580,63.447
47.600,71.350
47.620,100.770
47.640,121.716
47.660,135.406
47.680,141.243
47.700,137.833
47.720,131.946
47.740,124.267
47.760,114.709
47.780,104.367
47.800,94.647
47.820,86.969
47.840,82.563
47.860,80.260
47.880,80.298
47.900,80.758
47.920,81.729
47.940,82.177
47.960,82.177
47.980,80.970
48.000,79.128
48.020,75.905
48.040,72.669
48.060,69.707
48.080,67.193
48.100,65.513
48.120,63.646
48.140,65.973
48.160,89.669
48.180,117.062
48.200,130.839
48.220,140.086
48.240,138.020
48.260,132.768
48.280,125.039
48.300,115.991
48.320,106.172
48.340,96.377
48.360,88.138
48.380,82.003
48.400,79.651
48.420,78.904
48.440,79.688
48.460,80.796
48.480,81.779
48.500,81.791
48.520,80.771
48.540,79.115
48.560,76.104
48.580,72.943
48.600,70.354
48.620,67.554
48.640,66.010
48.660,64.579
48.680,64.666
48.700,80.522
48.720,110.441
48.740,126.806
48.760,138.318
48.780,138.729
48.800,132.942
48.820,125.599
48.840,116.701
48.860,106.856
48.880,96.925
48.900,88.474
48.920,83.160
48.940,80.111
48.960,79.924
48.980,80.808
49.000,81.953
49.020,82.488
49.040,82.451
49.060,81.941
49.080,80.111
49.100,77.286
49.120,74.063
49.140,71.661
49.160,68.873
49.180,67.255
49.200,65.762
49.220,65.500
49.240,78.045
49.260,109.793
49.280,127.677
49.300,139.040
49.320,140.347
49.340,135.282
49.360,127.852
49.380,118.891
49.400,109.470
49.420,98.879
49.440,90.067
49.460,83.919
49.480,80.621
49.500,79.900
49.520,80.335
49.540,80.870
49.560,81.741
49.580,81.853
49.600,81.368
49.620,80.335
49.640,78.008
49.660,75.170
49.680,71.847
49.700,69.221
49.720,67.106
49.740,65.251
49.760,64.368
49.780,71.972
49.800,101.766
49.820,123.346
49.840,136.501
49.860,141.853
49.880,138.816
49.900,132.307
49.920,124.591
49.940,114.908
49.960,104.268
49.980,94.622
50.000,87.466
50.020,82.414
50.040,80.435
50.060,80.348
50.080,81.181
50.100,81.990
50.120,82.239
50.140,82.227
50.160,80.758
50.180,78.095
50.200,75.245
50.220,72.246
50.240,69.694
50.260,67.255
50.280,65.438
50.300,64.268
50.320,68.537
50.340,94.386
50.360,119.003
50.380,132.282
50.400,139.787
50.420,136.875
50.440,130.067
50.460,121.915
50.480,112.469
50.500,101.990
50.520,92.469
50.540,85.064
50.560,80.609
50.580,78.929
50.600,78.854
50.620,79.850
50.640,80.970
50.660,81.853
50.680,81.791
50.700,80.572
50.720,78.294
50.740,75.096
50.760,72.221
50.780,69.595
50.800,66.969
50.820,65.600
50.840,64.878
50.860,68.076
50.880,92.494
50.900,119.177
50.920,133.079
50.940,141.467
50.960,138.654
50.980,132.096
51.000,122.475
51.020,112.818
51.040,102.538
51.060,92.519
51.080,85.264
51.100,81.219
51.120,79.489
51.140,79.788
51.160,80.870
51.180,82.538
51.200,82.451
51.220,82.239
51.240,81.468
51.260,78.966
51.280,76.265
51.300,72.967
51.320,70.229
51.340,68.176
51.360,66.185
51.380,64.542
51.400,66.944
51.420,89.246
51.440,117.024
51.460,132.071
51.480,141.604
51.500,139.476
51.520,134.311
51.540,126.420
51.560,117.485
51.580,107.479
51.600,97.622
51.620,89.246
51.640,83.322
51.660,80.447
51.680,79.974
51.700,80.522
51.720,81.928
51.740,82.488
51.760,82.998
51.780,81.978
51.800,80.360
51.820,77.522
51.840,74.349
51.860,71.051
51.880,68.388
51.900,66.620
51.920,64.753
51.940,63.820
51.960,77.124
51.980,108.922
52.000,126.545
52.020,139.550
52.040,141.878
52.060,137.273
52.080,130.527
52.100,121.629
52.120,111.884
52.140,101.331
52.160,91.860
52.180,85.351
52.200,81.269
52.220,80.049
52.240,80.385
52.260,81.356
52.280,82.289
52.300,82.264
52.320,82.077
52.340,80.621
52.360,78.244
52.380,75.233
52.400,71.847
52.420,68.997
52.440,66.844
52.460,65.401
52.480,64.368
52.500,70.205
52.520,97.572
52.540,120.733
52.560,134.274
52.580,140.546
52.600,136.812
52.620,130.391
52.640,121.679
52.660,111.735
52.680,101.555
52.700,92.220
52.720,85.400
52.740,81.169
52.760,79.601
52.780,79.850
52.800,80.808
52.820,81.878
52.840,82.264
52.860,82.264
52.880,81.318
52.900,79.240
52.920,76.465
52.940,73.839
52.960,70.553
52.980,68.512
53.000,66.720
53.020,65.450
53.040,67.641
53.060,89.557
53.080,116.041
53.100,132.830
53.120,141.069
53.140,139.314
53.160,133.029
53.180,124.740
53.200,114.585
53.220,104.877
53.240,94.498
53.260,87.068
53.280,82.127
53.300,79.949
53.320,79.987
53.340,80.895
53.360,81.779
53.380,82.638
53.400,82.289
53.420,81.766
53.440,79.476
53.460,76.751
53.480,73.602
53.500,70.727
53.520,68.101
53.540,66.284
53.560,64.417
53.580,63.820
53.600,75.593
53.620,106.657
53.640,126.520
53.660,139.812
53.680,142.164
53.700,137.858
53.720,131.461
53.740,123.135
53.760,113.291
53.780,102.787
53.800,93.365
53.820,86.633
53.840,82.463
53.860,80.435
53.880,80.708
53.900,81.443
53.920,82.102
53.940,82.687
53.960,82.339
53.980,80.957
54.000,78.705
54.020,75.793
54.040,72.221
54.060,69.794
54.080,67.429
54.100,65.600
54.120,64.218
54.140,68.773
54.160,96.365
54.180,121.579
54.200,135.033
54.220,142.214
54.240,138.978
54.260,133.041
54.280,124.641
54.300,114.759
54.320,104.479
54.340,95.195
54.360,87.043
54.380,82.177
54.400,79.850
54.420,79.564
54.440,80.198
54.460,81.231
54.480,81.903
54.500,81.729
54.520,80.982
54.540,79.066
54.560,76.191
54.580,72.880
54.600,69.943
54.620,67.740
54.640,65.712
54.660,63.969
54.680,64.940
54.700,83.023
54.720,112.258
54.740,127.765
54.760,138.965
54.780,138.580
54.800,132.432
54.820,125.524
54.840,116.738
54.860,106.321
54.880,96.875
54.900,87.093
54.920,82.127
54.940,79.327
54.960,78.867
54.980,79.750
55.000,81.269
55.020,82.202
55.040,82.700
55.060,82.040
55.080,80.659
55.100,77.883
55.120,74.971
55.140,72.022
55.160,69.408
55.180,66.894
55.200,65.202
55.220,64.380
55.240,74.760
55.260,105.425
55.280,125.624
55.300,138.480
55.320,141.741
55.340,137.061
55.360,130.515
55.380,121.094
55.400,111.474
55.420,101.480
55.440,91.785
55.460,84.641
55.480,81.430
55.500,79.651
55.520,79.999
55.540,80.957
55.560,81.766
55.580,82.314
55.600,81.978
55.620,80.335
55.640,77.983
55.660,75.556
55.680,72.146
55.700,69.557
55.720,67.143
55.740,65.662
55.760,63.721
55.780,65.612
55.800,87.404
55.820,116.190
55.840,131.150
55.860,141.243
55.880,140.646
55.900,135.891
55.920,128.063
55.940,120.123
55.960,110.403
55.980,99.364
56.000,90.242
56.020,84.517
56.040,81.107
56.060,80.248
56.080,80.870
56.100,81.542
56.120,82.451
56.140,82.463
56.160,81.978
56.180,80.236
56.200,77.933
56.220,74.610
56.240,71.200
56.260,68.437
56.280,66.546
56.300,64.629
56.320,63.559
56.340,69.893
56.360,98.879
56.380,122.289
56.400,135.481
56.420,141.343
56.440,137.758
56.460,131.050
56.480,122.189
56.500,112.594
56.520,102.476
56.540,92.992
56.560,85.562
56.580,81.281
56.600,79.414
56.620,79.389
56.640,80.298
56.660,80.858
56.680,81.331
56.700,81.368
56.720,80.260
56.740,78.593
56.760,75.743
56.780,72.457
56.800,69.632
56.820,67.305
56.840,65.500
56.860,63.982
56.880,63.808
56.900,78.618
56.920,109.121
56.940,126.321
56.960,138.343
56.980,140.110
57.000,134.025
57.020,126.956
57.040,117.684
57.060,106.769
57.080,96.415
57.100,88.201
57.120,82.613
57.140,79.850
57.160,79.900
57.180,80.708
57.200,81.368
57.220,81.791
57.240,81.853
57.260,80.933
57.280,79.924
57.300,77.784
57.320,74.461
57.340,72.146
57.360,69.259
57.380,66.919
57.400,65.127
57.420,64.330
57.440,68.985
57.460,96.477
57.480,120.882
57.500,134.510
57.520,141.280
57.540,138.517
57.560,132.021
57.580,123.608
57.600,114.000
57.620,103.023
57.640,93.291
57.660,85.662
57.680,81.356
57.700,79.489
57.720,79.427
57.740,80.310
57.760,81.356
57.780,81.953
57.800,81.878
57.820,80.845
57.840,79.028
57.860,75.793
57.880,72.818
57.900,70.068
57.920,67.255
57.940,65.314
57.960,63.795
57.980,63.708
58.000,78.045
58.020,108.661
58.040,125.823
58.060,138.356
58.080,140.496
58.100,136.302
58.120,129.905
58.140,121.604
58.160,111.187
58.180,100.484
58.200,91.001
58.220,84.131
58.240,80.360
58.260,79.327
58.280,79.651
58.300,80.870
58.320,81.306
58.340,81.766
58.360,81.269
58.380,80.012
58.400,77.224
58.420,74.349
58.440,71.188
58.460,68.313
58.480,66.222
58.500,64.417
58.520,63.384
58.540,67.541
58.560,94.834
58.580,118.791
58.600,132.357
58.620,139.787
58.640,137.173
58.660,130.478
58.680,122.065
58.700,112.494
58.720,102.276
58.740,92.743
58.760,85.587
58.780,80.708
58.800,78.867
58.820,78.369
58.840,79.327
58.860,80.136
58.880,80.821
58.900,80.870
58.920,80.186
58.940,78.356
58.960,75.656
58.980,72.893
59.000,69.918
59.020,67.516
59.040,65.749
59.060,63.857
59.080,64.368
59.100,80.335
59.120,110.042
59.140,126.010
59.160,137.708
59.180,138.244
59.200,132.793
59.220,124.790
59.240,114.908
59.260,104.380
59.280,93.988
59.300,86.545
59.320,81.256
59.340,78.954
59.360,78.468
59.380,79.651
59.400,80.646
59.420,81.231
59.440,81.393
59.460,80.845
59.480,79.028
59.500,76.726
59.520,73.453
59.540,70.789
59.560,67.865
59.580,65.973
59.600,64.467
59.620,63.248
59.640,71.101
59.660,100.696
59.680,122.724
59.700,135.755
59.720,140.496
59.740,136.091
59.760,129.109
59.780,120.696
59.800,110.714
59.820,100.895
59.840,91.349
59.860,84.442
59.880,80.148
59.900,79.265
59.920,79.414
59.940,80.460
59.960,81.219
59.980,81.891
